PADDLE 477.151 570
BALL 600.041 422.845 -300 300
BLOCKS_COUNT 40
0 60 1
66.8333 60 1
133.667 60 1
200.5 60 1
267.333 60 1
334.167 60 1
401 60 1
467.833 60 1
534.667 60 1
601.5 60 1
668.333 60 1
735.167 60 1
0 82 2
66.8333 82 2
133.667 82 2
200.5 82 1
267.333 82 2
334.167 82 2
401 82 2
467.833 82 2
534.667 82 2
601.5 82 2
668.333 82 2
735.167 82 2
0 104 2
66.8333 104 2
133.667 104 2
334.167 104 2
401 104 2
467.833 104 2
534.667 104 2
601.5 104 2
668.333 104 1
735.167 104 2
0 126 2
66.8333 126 2
334.167 126 2
401 126 2
467.833 126 2
534.667 126 2
